PCM-SEM MCMC 진단 리포트
N=50, scenario=medium, elapsed=27.3s
chains=4, warmup=1000, sampling=1000
adapt_delta=0.9, max_treedepth=12

=== 파라미터 요약 ===
                     Mean      MCSE    StdDev       MAD        5%       50%       95%  ESS_bulk  ESS_tail  ESS_bulk/s     R_hat
b1               0.490955  0.004101  0.182990  0.180779  0.197653  0.483644  0.804513   2097.15   2198.92     51.6653  1.001150
b2               0.462238  0.004149  0.187753  0.188617  0.156015  0.456436  0.773196   2052.96   2723.82     50.5768  1.001410
g1               0.282980  0.005440  0.233046  0.232448 -0.087813  0.272168  0.681933   1851.99   2273.17     45.6257  1.001060
gamma_M          0.124267  0.006645  0.313341  0.310438 -0.398128  0.128529  0.626787   2227.88   2710.22     54.8860  1.000600
gamma_Y          0.027541  0.006581  0.324150  0.315528 -0.509807  0.033624  0.546691   2437.05   2724.61     60.0391  1.000360
alpha_M         -0.449999  0.005874  0.272576  0.264280 -0.898106 -0.450798 -0.005208   2264.30   2793.12     55.7832  0.999715
alpha_Y         -0.459293  0.006540  0.289750  0.289888 -0.931334 -0.461264  0.027150   1972.67   2558.42     48.5987  1.000690
indirect_effect  0.224032  0.002483  0.124870  0.116169  0.053930  0.208361  0.452674   2530.52   3108.70     62.3418  1.000810
total_effect     0.507012  0.004804  0.219833  0.219923  0.145997  0.502606  0.871935   2116.81   2995.01     52.1497  1.000460
prop_mediated    0.346594  0.130457  8.194590  0.288181  0.089966  0.432614  1.329080   2239.57   2511.85     55.1740  1.000860

=== 전체 파라미터 요약 ===
                        Mean      MCSE     StdDev        MAD           5%          50%          95%  ESS_bulk  ESS_tail  ESS_bulk/s     R_hat
lp__            -1355.310000  0.269082  10.925000  10.567900 -1373.810000 -1354.710000 -1337.900000  1668.180  2347.290    41.09730  1.000660
delta_raw[1,1]     -0.934496  0.011629   0.630292   0.637344    -1.986460    -0.930532     0.093835  2955.170  2848.840    72.80350  1.001110
delta_raw[1,2]     -1.113080  0.010509   0.564716   0.572498    -2.060350    -1.106450    -0.207549  2920.630  2824.420    71.95270  1.001060
delta_raw[1,3]     -0.166630  0.008917   0.449831   0.451215    -0.918660    -0.167987     0.564117  2559.590  2654.020    63.05820  1.000680
delta_raw[1,4]      0.454784  0.008657   0.439040   0.432333    -0.258500     0.463394     1.180200  2657.310  2726.830    65.46550  0.999885
delta_raw[2,1]     -2.065180  0.013871   0.854759   0.818863    -3.517120    -2.027410    -0.708342  3840.950  3084.670    94.62580  1.000380
delta_raw[2,2]     -1.551040  0.011285   0.583451   0.570596    -2.557530    -1.533380    -0.619922  2784.060  2822.220    68.58810  1.000230
delta_raw[2,3]     -0.637047  0.008812   0.426460   0.418246    -1.352690    -0.628402     0.056672  2378.370  2748.090    58.59340  1.001770
delta_raw[2,4]      0.685907  0.007526   0.404089   0.419517     0.027070     0.679902     1.347060  2900.870  2842.700    71.46590  1.000310
delta_raw[3,1]     -0.239339  0.022722   1.080690   1.043750    -1.911760    -0.292097     1.570080  2408.250  2099.390    59.32960  1.000400
delta_raw[3,2]     -3.265160  0.022044   0.956756   0.928168    -4.989640    -3.194660    -1.842460  2102.470  1925.040    51.79640  1.000440
delta_raw[3,3]     -0.505649  0.008388   0.438686   0.439404    -1.234500    -0.499064     0.202283  2770.830  2711.580    68.26220  1.000910
delta_raw[3,4]      0.079920  0.007724   0.395754   0.402737    -0.569360     0.072180     0.733134  2662.370  2887.720    65.59020  1.002690
delta_raw[4,1]     -1.709010  0.011851   0.663534   0.668283    -2.813670    -1.695630    -0.652783  3195.870  3055.660    78.73340  1.001560
delta_raw[4,2]     -0.435177  0.010222   0.560792   0.554648    -1.359410    -0.426341     0.446342  3007.100  2650.750    74.08290  0.999957
delta_raw[4,3]     -1.086640  0.009363   0.480619   0.489548    -1.891890    -1.075070    -0.314750  2702.450  3041.210    66.57760  1.000260
delta_raw[4,4]      1.118920  0.007686   0.423498   0.419809     0.441758     1.109050     1.838270  3059.770  2655.840    75.38060  0.999659
delta_raw[5,1]     -2.001160  0.030289   0.692230   0.711195    -3.119960    -1.981540    -0.910336   543.207  1120.480    13.38250  1.003300
delta_raw[5,2]     -0.942064  0.028244   0.607313   0.602808    -1.978620    -0.927656     0.054090   479.654  1031.260    11.81680  1.002300
delta_raw[5,3]      0.054697  0.029118   0.589992   0.589301    -0.943388     0.074222     1.009540   429.349   687.714    10.57740  1.002990
delta_raw[5,4]      2.190540  0.029274   0.794034   0.780642     0.950786     2.152250     3.566180   749.381  1518.400    18.46170  1.001010
delta_raw[6,1]     -1.338310  0.027821   0.628721   0.631873    -2.389750    -1.331960    -0.315670   526.958  1150.660    12.98210  1.001350
delta_raw[6,2]     -0.777955  0.030449   0.613163   0.619450    -1.788080    -0.759982     0.202054   427.216   705.452    10.52490  1.004220
delta_raw[6,3]      0.865229  0.027927   0.650103   0.641361    -0.227514     0.863842     1.926500   557.342  1256.000    13.73070  1.002400
delta_raw[6,4]      0.792822  0.032520   0.746726   0.734325    -0.481106     0.819958     1.977730   551.695  1102.030    13.59160  1.003390
delta_raw[7,1]     -1.571200  0.027723   0.661900   0.649087    -2.670730    -1.564930    -0.492657   589.107  1315.300    14.51320  1.003740
delta_raw[7,2]     -1.062980  0.028364   0.604458   0.598634    -2.076760    -1.048770    -0.098490   474.647   966.756    11.69340  1.003410
delta_raw[7,3]      0.506473  0.029016   0.626884   0.612979    -0.524261     0.508612     1.521690   481.230   844.622    11.85560  1.002030
delta_raw[7,4]      2.012850  0.028347   0.799329   0.790186     0.740453     1.986940     3.359610   804.671  1477.350    19.82390  1.001420
delta_raw[8,1]     -0.824382  0.028142   0.630605   0.631897    -1.882080    -0.807880     0.208541   518.124   885.184    12.76450  1.002180
delta_raw[8,2]     -0.755172  0.029301   0.621835   0.628311    -1.817310    -0.749574     0.257568   469.078   797.217    11.55620  1.003260
delta_raw[8,3]      0.393543  0.030303   0.640353   0.631790    -0.677708     0.397509     1.434360   465.326   674.592    11.46380  1.002610
delta_raw[8,4]      1.630950  0.027690   0.740036   0.740314     0.442434     1.636540     2.859260   741.721  1603.080    18.27300  1.002300
delta_raw[9,1]     -1.538620  0.029028   0.606024   0.595875    -2.563370    -1.528610    -0.540208   455.479   827.212    11.22120  1.004010
delta_raw[9,2]      0.697200  0.028829   0.665445   0.666659    -0.369383     0.698199     1.794890   547.655  1002.410    13.49200  1.002410
delta_raw[9,3]     -0.425215  0.029372   0.686016   0.676503    -1.593120    -0.405927     0.676394   572.442  1032.980    14.10270  1.002230
delta_raw[9,4]      1.733470  0.029347   0.733306   0.720801     0.555545     1.731230     2.935690   639.363  1246.230    15.75140  1.001000
delta_raw[10,1]    -1.315620  0.028452   0.627700   0.614338    -2.351820    -1.306250    -0.302068   507.695  1020.830    12.50760  1.003480
delta_raw[10,2]    -0.440884  0.029457   0.605086   0.594250    -1.466300    -0.431843     0.520790   438.393   798.116    10.80030  1.003380
delta_raw[10,3]     0.925721  0.029066   0.655976   0.659680    -0.140765     0.926280     1.982150   523.664  1129.600    12.90100  1.003380
delta_raw[10,4]     1.334860  0.029820   0.794017   0.782972     0.066778     1.325030     2.668830   734.345  1932.560    18.09130  1.001270
delta_raw[11,1]    -1.596840  0.027991   0.676884   0.673050    -2.716420    -1.583660    -0.486398   605.910  1582.600    14.92720  1.002070
delta_raw[11,2]    -1.294570  0.029482   0.628472   0.625704    -2.362860    -1.276380    -0.282589   475.290   753.860    11.70920  1.003200
delta_raw[11,3]     0.084822  0.029833   0.607231   0.618340    -0.925159     0.087341     1.071520   432.317   874.325    10.65060  1.003780
delta_raw[11,4]     1.035460  0.028234   0.661628   0.660598    -0.066503     1.049190     2.095340   566.028  1202.020    13.94470  1.002080
delta_raw[12,1]    -1.936990  0.028832   0.642105   0.643672    -3.018110    -1.930340    -0.856061   514.328  1090.720    12.67100  1.001840
delta_raw[12,2]    -0.065260  0.029056   0.603464   0.601292    -1.089310    -0.056994     0.919139   451.196   836.541    11.11570  1.005190
delta_raw[12,3]     0.426685  0.028663   0.648524   0.638392    -0.643986     0.436224     1.464230   532.914   918.071    13.12890  1.002330
delta_raw[12,4]     2.428180  0.029022   0.882368   0.882458     1.034200     2.387860     3.915890   934.533  1913.950    23.02310  1.002110
delta_raw[13,1]    -1.888280  0.028382   0.638346   0.649267    -2.953380    -1.884400    -0.864640   529.728   937.658    13.05040  1.002770
delta_raw[13,2]    -0.341613  0.028516   0.586802   0.581286    -1.316130    -0.335310     0.596194   442.734   808.895    10.90720  1.002910
delta_raw[13,3]     1.133590  0.030098   0.675291   0.672944     0.013489     1.143110     2.258080   516.084   958.594    12.71430  1.003240
delta_raw[13,4]     1.200470  0.028489   0.787573   0.770934    -0.050985     1.195480     2.494300   792.208  1911.910    19.51680  1.001060
delta_raw[14,1]    -1.622070  0.028959   0.608671   0.610829    -2.635480    -1.616410    -0.623534   458.414  1080.810    11.29350  1.002870
delta_raw[14,2]     0.103629  0.028839   0.617834   0.624190    -0.900512     0.094461     1.110190   480.165   970.567    11.82930  1.002150
delta_raw[14,3]     0.296518  0.030035   0.666995   0.659102    -0.808775     0.310989     1.389240   511.030  1025.270    12.58970  1.002340
delta_raw[14,4]     1.543810  0.028888   0.754605   0.776509     0.341975     1.527910     2.765150   714.238  1247.640    17.59600  1.002390
delta_raw[15,1]    -2.599450  0.029411   0.737498   0.736676    -3.854660    -2.583580    -1.439590   649.128  1664.020    15.99190  1.001890
delta_raw[15,2]    -1.041500  0.028970   0.593278   0.599658    -2.029260    -1.028510    -0.082119   434.808   962.486    10.71190  1.004650
delta_raw[15,3]     0.995824  0.030251   0.637713   0.628432    -0.071888     0.991549     2.049020   458.169   865.865    11.28750  1.002740
delta_raw[15,4]     1.392240  0.028656   0.778832   0.770015     0.142383     1.392720     2.712120   758.685  1608.870    18.69100  1.002360
delta_raw[16,1]    -2.111650  0.042232   0.796218   0.811335    -3.402810    -2.121130    -0.804801   342.177   693.847     8.42987  1.008790
delta_raw[16,2]    -0.987387  0.039644   0.750035   0.748191    -2.199150    -1.000030     0.228710   345.210   791.726     8.50461  1.009260
delta_raw[16,3]     0.342133  0.040243   0.773742   0.779208    -0.927527     0.343250     1.637610   371.276   826.740     9.14676  1.008210
delta_raw[16,4]     1.077120  0.038776   0.862532   0.867772    -0.332595     1.059920     2.512890   497.671  1069.120    12.26060  1.007040
delta_raw[17,1]    -1.895310  0.042811   0.776133   0.764874    -3.124140    -1.909730    -0.590305   327.189   641.274     8.06062  1.008720
delta_raw[17,2]    -0.415935  0.040481   0.764723   0.771877    -1.646080    -0.417207     0.846123   340.723   784.408     8.39405  1.007360
delta_raw[17,3]     0.197381  0.040198   0.785933   0.778739    -1.060780     0.177770     1.495360   378.580   814.336     9.32669  1.006990
delta_raw[17,4]     0.750435  0.040363   0.839080   0.842787    -0.627029     0.734451     2.156200   419.126  1001.370    10.32560  1.008070
delta_raw[18,1]    -1.831590  0.041487   0.780344   0.766907    -3.116140    -1.836560    -0.536286   348.711   760.687     8.59085  1.005840
delta_raw[18,2]    -0.630606  0.039750   0.767383   0.751869    -1.876180    -0.637747     0.655054   363.977   429.564     8.96695  1.008210
delta_raw[18,3]     0.078576  0.040514   0.767686   0.766837    -1.132960     0.066135     1.352610   359.035   723.910     8.84519  1.008900
delta_raw[18,4]     3.153530  0.038296   1.121220   1.083370     1.380610     3.100340     5.080650   830.676  1555.760    20.46450  1.004430
delta_raw[19,1]    -1.601860  0.040164   0.754321   0.752084    -2.811140    -1.604850    -0.361306   346.841   650.218     8.54477  1.007680
delta_raw[19,2]    -0.376637  0.041460   0.758470   0.755871    -1.604470    -0.384283     0.904613   323.971   645.918     7.98134  1.009430
delta_raw[19,3]     0.280430  0.040502   0.769617   0.785511    -0.952623     0.263921     1.551830   354.069   576.312     8.72285  1.008650
delta_raw[19,4]     3.037130  0.037908   1.158680   1.152640     1.240200     2.970500     5.012310   926.928  2159.390    22.83580  1.002520
delta_raw[20,1]    -1.462520  0.043101   0.771119   0.789494    -2.685160    -1.472880    -0.200003   313.574   726.316     7.72522  1.008470
delta_raw[20,2]    -0.933707  0.038576   0.739320   0.742881    -2.143260    -0.941459     0.296296   349.584   733.382     8.61236  1.008120
delta_raw[20,3]     1.885170  0.041448   0.889698   0.865380     0.422635     1.859040     3.403580   444.572  1146.530    10.95250  1.004920
delta_raw[20,4]     0.444564  0.038588   0.996217   1.009800    -1.139360     0.423648     2.092380   587.840  1654.800    14.48200  1.010090
delta_raw[21,1]    -1.772450  0.037930   0.778456   0.786486    -3.048910    -1.782900    -0.453165   397.201   743.522     9.78546  1.007650
delta_raw[21,2]    -0.928261  0.040868   0.754124   0.756723    -2.129950    -0.942243     0.331492   326.565   636.635     8.04526  1.008480
delta_raw[21,3]     0.782435  0.043230   0.796214   0.797811    -0.490921     0.764242     2.095270   324.331   602.023     7.99022  1.008850
delta_raw[21,4]     1.181680  0.038535   0.928182   0.906935    -0.321845     1.176660     2.760810   574.404  1246.940    14.15100  1.005630
theta[1,1]         -0.439739  0.008343   0.465838   0.458554    -1.194040    -0.445169     0.342430  3171.240  2788.610    78.12680  1.001060
theta[1,2]         -1.044410  0.005411   0.350885   0.340617    -1.622780    -1.029860    -0.488162  4413.860  2385.420   108.74000  0.999652
theta[1,3]         -0.558187  0.006391   0.426976   0.419721    -1.259300    -0.555281     0.142699  4427.510  3231.890   109.07600  0.999887
theta[2,1]          0.368375  0.008610   0.525127   0.512448    -0.453068     0.345047     1.251440  3831.680  2619.980    94.39730  1.001840
theta[2,2]         -0.562813  0.005035   0.325312   0.321935    -1.107940    -0.553365    -0.038455  4240.920  2669.240   104.47900  1.001500
theta[2,3]         -1.877440  0.008351   0.515953   0.494169    -2.774130    -1.853390    -1.081860  3969.370  3007.420    97.78930  1.003420
theta[3,1]         -1.437760  0.008654   0.473776   0.478487    -2.214660    -1.431340    -0.658874  3045.820  2783.380    75.03670  1.001720
theta[3,2]         -0.847576  0.005061   0.340035   0.335766    -1.408870    -0.844462    -0.296643  4618.380  2928.920   113.77800  1.002190
theta[3,3]         -2.311260  0.009253   0.579081   0.569964    -3.344210    -2.278790    -1.428820  4027.790  2780.540    99.22850  1.000520
theta[4,1]         -0.943826  0.008172   0.444863   0.441923    -1.658540    -0.950971    -0.211150  2954.130  2871.380    72.77800  1.001390
theta[4,2]          0.186014  0.004513   0.308222   0.318042    -0.322492     0.176380     0.710955  4739.170  3253.490   116.75400  1.000370
theta[4,3]         -1.213930  0.006830   0.459190   0.456646    -1.980020    -1.197770    -0.485496  4644.990  3089.400   114.43400  0.999816
theta[5,1]          0.426442  0.009526   0.533713   0.530183    -0.396465     0.409726     1.329240  3179.660  2276.620    78.33410  1.002090
theta[5,2]         -0.980431  0.005410   0.335864   0.337778    -1.537600    -0.979815    -0.440238  3924.730  2691.270    96.68970  1.004190
theta[5,3]          0.005526  0.006323   0.418528   0.420349    -0.680793     0.012015     0.683556  4398.640  3411.490   108.36500  1.001980
theta[6,1]          1.803820  0.010242   0.666642   0.669908     0.745824     1.771550     2.944150  4365.360  2739.120   107.54500  1.000220
theta[6,2]          1.854740  0.006956   0.414408   0.414676     1.214000     1.836670     2.576350  3774.640  2782.500    92.99200  0.999980
theta[6,3]          0.818494  0.007020   0.453597   0.462770     0.092667     0.805905     1.592660  4210.100  3223.620   103.72000  1.000220
theta[7,1]          0.416381  0.008977   0.523966   0.518563    -0.406093     0.401343     1.319860  3475.590  2968.240    85.62450  1.000200
theta[7,2]         -2.394950  0.007112   0.455193   0.458860    -3.183110    -2.388870    -1.682080  4205.250  2424.680   103.60000  1.000570
theta[7,3]         -2.096690  0.009033   0.577015   0.568410    -3.094590    -2.070410    -1.197900  4172.690  3095.030   102.79800  1.002140
theta[8,1]          0.711846  0.008588   0.555082   0.545954    -0.160915     0.682984     1.653430  4345.880  2633.040   107.06500  0.999851
theta[8,2]          0.070540  0.004487   0.313025   0.310420    -0.445022     0.070015     0.592129  4875.770  3215.770   120.12000  1.000210
theta[8,3]         -0.955189  0.006750   0.436476   0.432301    -1.688090    -0.953969    -0.255269  4256.110  2637.560   104.85400  1.004380
theta[9,1]          0.743045  0.009769   0.563566   0.553729    -0.156672     0.719451     1.721680  3436.140  2629.860    84.65280  1.000240
theta[9,2]         -1.301160  0.005440   0.355486   0.355448    -1.892910    -1.293960    -0.729090  4383.630  2986.250   107.99500  1.000220
theta[9,3]          0.667556  0.006566   0.442912   0.447187    -0.032595     0.657470     1.392560  4642.510  2917.780   114.37300  1.000210
theta[10,1]        -0.563828  0.007402   0.442515   0.431159    -1.268840    -0.568354     0.170158  3685.570  2884.880    90.79780  1.000420
theta[10,2]        -0.399953  0.005206   0.312317   0.320324    -0.919095    -0.399245     0.102622  3620.130  2652.840    89.18550  1.001610
theta[10,3]         0.159615  0.006249   0.423707   0.408476    -0.544924     0.159332     0.865394  4647.580  2853.170   114.49800  1.001850
theta[11,1]        -0.074711  0.008154   0.482306   0.476367    -0.832680    -0.085703     0.745769  3551.840  2582.250    87.50310  1.001950
theta[11,2]        -1.771190  0.005857   0.398034   0.397803    -2.434370    -1.764220    -1.141260  4681.010  2849.900   115.32100  1.001170
theta[11,3]        -0.093795  0.006150   0.413300   0.414269    -0.772134    -0.083620     0.577437  4467.520  2995.840   110.06200  1.001500
theta[12,1]         0.037074  0.008421   0.482396   0.483991    -0.738026     0.023166     0.844069  3391.480  3112.100    83.55250  1.001070
theta[12,2]        -1.575020  0.006020   0.370383   0.365446    -2.198330    -1.565320    -0.985410  3852.320  3101.540    94.90570  1.000640
theta[12,3]        -1.769280  0.007684   0.514906   0.505097    -2.640550    -1.750900    -0.929503  4592.120  2749.330   113.13100  1.002250
theta[13,1]         0.086173  0.007870   0.485508   0.480357    -0.686291     0.071230     0.895667  3855.020  2291.570    94.97230  1.001470
theta[13,2]        -1.404200  0.005991   0.365216   0.367135    -2.021940    -1.388140    -0.821389  3879.670  2655.800    95.57970  1.000210
theta[13,3]        -1.109010  0.007136   0.453928   0.450030    -1.869620    -1.097710    -0.379221  4122.020  2852.930   101.55000  0.999873
theta[14,1]        -0.774490  0.007786   0.448049   0.448694    -1.515320    -0.773168    -0.033143  3311.500  2744.570    81.58220  1.000520
theta[14,2]        -1.964190  0.006455   0.418324   0.409488    -2.683220    -1.953840    -1.295660  4248.820  3118.800   104.67400  1.002550
theta[14,3]        -2.436070  0.010304   0.597641   0.584446    -3.439870    -2.403090    -1.492080  3624.740  2735.210    89.29910  0.999963
theta[15,1]        -0.085304  0.007582   0.467962   0.462575    -0.839964    -0.092673     0.682311  3863.120  2730.770    95.17180  1.001190
theta[15,2]        -0.545126  0.004711   0.319756   0.326441    -1.078690    -0.547125    -0.004912  4637.320  3278.450   114.24500  1.001400
theta[15,3]        -1.438530  0.007655   0.476112   0.467789    -2.239000    -1.425940    -0.683236  3914.880  2968.840    96.44710  1.000650
theta[16,1]         0.141884  0.008423   0.509965   0.533785    -0.668232     0.130356     0.991401  3656.130  2569.760    90.07240  1.001040
theta[16,2]         0.173767  0.004419   0.312968   0.313006    -0.353202     0.181908     0.682049  5094.940  2725.490   125.51900  1.000070
theta[16,3]        -2.349480  0.008437   0.574688   0.553867    -3.331310    -2.324930    -1.450590  4865.400  2905.940   119.86400  1.000620
theta[17,1]        -1.780510  0.008679   0.494503   0.474266    -2.599420    -1.769740    -0.986246  3275.770  2832.820    80.70200  1.000550
theta[17,2]        -2.231560  0.007682   0.456037   0.446119    -3.024390    -2.218230    -1.522360  3771.540  2941.200    92.91580  1.002410
theta[17,3]        -2.941180  0.012285   0.684268   0.694774    -4.137830    -2.899230    -1.885040  3283.500  2710.720    80.89220  1.000620
theta[18,1]         0.134643  0.008317   0.503499   0.506681    -0.671790     0.110512     0.974788  3665.120  2931.620    90.29400  1.002920
theta[18,2]        -1.366710  0.005616   0.365885   0.348897    -1.985190    -1.366380    -0.769501  4407.750  2916.520   108.58900  1.000460
theta[18,3]        -0.386338  0.007105   0.418476   0.422346    -1.062560    -0.383762     0.299622  3517.790  3060.670    86.66440  1.001250
theta[19,1]        -1.201970  0.009023   0.459272   0.455797    -1.964320    -1.189290    -0.462023  2613.450  2674.820    64.38500  1.003490
theta[19,2]        -1.130930  0.005367   0.356302   0.363735    -1.734240    -1.118330    -0.561904  4551.640  2524.870   112.13400  1.000960
theta[19,3]        -1.369120  0.007539   0.479116   0.491257    -2.186700    -1.354690    -0.602859  4139.420  2536.420   101.97900  1.000740
theta[20,1]         1.079680  0.009363   0.570819   0.561353     0.202744     1.042830     2.059790  3922.790  2793.980    96.64190  1.000590
theta[20,2]         0.186147  0.004897   0.318309   0.322937    -0.324907     0.184490     0.714200  4334.540  3241.610   106.78600  1.000560
theta[20,3]        -0.558738  0.007073   0.436901   0.437334    -1.298100    -0.551104     0.144249  3879.660  2647.200    95.57930  1.001390
theta[21,1]        -0.119324  0.008177   0.479886   0.486686    -0.893454    -0.130615     0.683299  3468.740  2637.410    85.45600  1.001090
theta[21,2]         0.547789  0.005085   0.324788   0.323263     0.023886     0.540654     1.089260  4150.320  2879.430   102.24700  1.000390
theta[21,3]        -0.088337  0.006734   0.415687   0.404528    -0.753586    -0.094885     0.609538  3848.300  2518.550    94.80690  1.000310
theta[22,1]        -0.279364  0.008694   0.471818   0.469845    -1.036500    -0.278903     0.517449  2996.380  2610.840    73.81880  1.000350
theta[22,2]        -1.772690  0.006488   0.387971   0.374119    -2.417900    -1.764650    -1.152800  3646.260  2674.310    89.82940  1.001130
theta[22,3]         0.068710  0.006790   0.425429   0.414497    -0.635046     0.070268     0.761940  3960.050  3038.010    97.55970  1.000930
theta[23,1]         0.953447  0.009966   0.568229   0.564958     0.033682     0.944847     1.908200  3348.350  3119.260    82.48990  1.000690
theta[23,2]         0.266533  0.004741   0.313687   0.309408    -0.252211     0.261424     0.783679  4403.770  2970.250   108.49100  1.000160
theta[23,3]         1.439950  0.008016   0.501994   0.515690     0.667905     1.423540     2.295820  4095.250  3246.250   100.89000  1.001420
theta[24,1]         1.013600  0.008868   0.562969   0.574500     0.100621     1.001260     1.972040  4105.280  2873.050   101.13800  1.001040
theta[24,2]         1.051270  0.005199   0.339674   0.331576     0.523072     1.046300     1.611560  4509.350  3155.180   111.09200  1.001090
theta[24,3]         1.088890  0.007174   0.458699   0.457124     0.353380     1.078000     1.844770  4174.740  2898.220   102.84900  1.000920
theta[25,1]        -0.078336  0.008455   0.485520   0.485478    -0.871702    -0.076425     0.697570  3399.580  3069.090    83.75200  1.000910
theta[25,2]        -1.050260  0.005305   0.343522   0.344661    -1.621110    -1.047050    -0.495997  4277.140  2875.670   105.37200  1.000760
theta[25,3]        -0.893397  0.006456   0.437658   0.433566    -1.616730    -0.885949    -0.192845  4660.180  2944.320   114.80800  1.000880
theta[26,1]        -0.420124  0.008749   0.469388   0.456566    -1.167740    -0.432548     0.376018  2921.450  2918.610    71.97280  1.000670
theta[26,2]        -0.082535  0.004756   0.317254   0.323551    -0.595769    -0.081637     0.444876  4463.550  3232.690   109.96400  1.000510
theta[26,3]        -1.407370  0.006362   0.460045   0.465460    -2.182350    -1.396870    -0.677452  5245.740  3020.700   129.23400  1.000160
theta[27,1]         1.575390  0.009976   0.632267   0.626657     0.595680     1.563320     2.639200  4156.650  2749.440   102.40300  1.000160
theta[27,2]         0.693012  0.004819   0.323949   0.328158     0.177026     0.682560     1.235850  4559.500  2866.230   112.32800  0.999910
theta[27,3]         0.006626  0.006597   0.433402   0.420883    -0.703603     0.011567     0.746073  4359.510  3079.790   107.40100  1.000130
theta[28,1]         0.671895  0.009344   0.542529   0.510102    -0.172138     0.637525     1.612350  3470.880  2758.270    85.50850  1.000710
theta[28,2]        -0.974878  0.004881   0.345136   0.344920    -1.559400    -0.964185    -0.415937  5149.630  2802.210   126.86600  1.000380
theta[28,3]        -0.173251  0.006616   0.413087   0.398796    -0.861381    -0.168324     0.508651  4004.850  3216.190    98.66360  1.001910
theta[29,1]         0.523490  0.009298   0.519276   0.510504    -0.314775     0.510935     1.392050  3228.560  2670.420    79.53890  1.001780
theta[29,2]        -0.096183  0.004600   0.309040   0.308645    -0.604603    -0.096452     0.418727  4545.510  2735.190   111.98300  0.999777
theta[29,3]        -0.104429  0.006426   0.422524   0.416203    -0.792596    -0.110963     0.601629  4395.700  3010.120   108.29200  1.000710
theta[30,1]        -0.255030  0.007803   0.455638   0.443065    -1.008540    -0.260342     0.504160  3479.570  2929.780    85.72260  1.000470
theta[30,2]         0.853119  0.004938   0.336309   0.346878     0.303004     0.856529     1.406610  4664.160  2811.600   114.90600  1.003480
theta[30,3]         0.439022  0.007019   0.428239   0.427283    -0.251769     0.432187     1.159810  3751.590  2897.350    92.42410  1.000830
theta[31,1]         0.498506  0.008954   0.542362   0.543677    -0.338501     0.469835     1.421190  3823.540  3138.040    94.19670  0.999995
theta[31,2]         2.017400  0.006956   0.417993   0.417684     1.361220     1.998360     2.709820  3775.610  2580.950    93.01600  1.000650
theta[31,3]         0.052593  0.006650   0.420670   0.420358    -0.625501     0.048407     0.752707  4026.480  3028.330    99.19640  1.000890
theta[32,1]         0.115578  0.008303   0.496593   0.483448    -0.682749     0.100957     0.962744  3692.780  2692.180    90.97520  1.001180
theta[32,2]        -1.657230  0.006068   0.379853   0.375710    -2.290080    -1.654550    -1.045340  3996.080  2845.010    98.44740  1.000540
theta[32,3]        -0.766031  0.006710   0.446130   0.454295    -1.510790    -0.758976    -0.054574  4427.620  2829.610   109.07900  1.001810
theta[33,1]        -0.540381  0.007801   0.455082   0.448581    -1.277600    -0.544975     0.227955  3462.710  2463.380    85.30740  1.001670
theta[33,2]         0.234388  0.004206   0.301746   0.295300    -0.255278     0.235489     0.733527  5163.440  3325.250   127.20700  1.000840
theta[33,3]        -0.467888  0.006706   0.428683   0.425500    -1.174520    -0.458908     0.233848  4112.430  3248.140   101.31400  1.000490
theta[34,1]         0.946204  0.008866   0.579304   0.584698     0.034749     0.928414     1.936710  4402.340  2875.940   108.45600  1.000760
theta[34,2]         1.120390  0.005109   0.338581   0.341556     0.560887     1.114450     1.695430  4433.940  3101.910   109.23400  1.000710
theta[34,3]         0.179534  0.006543   0.426591   0.418909    -0.535874     0.179995     0.877250  4343.420  2848.450   107.00500  1.002300
theta[35,1]         0.587391  0.009596   0.534000   0.525811    -0.273297     0.581436     1.500710  3221.880  2824.940    79.37430  1.000690
theta[35,2]         0.740956  0.005228   0.330095   0.331824     0.202881     0.740988     1.285870  4079.760  2514.170   100.50900  0.999660
theta[35,3]        -0.553128  0.007038   0.440734   0.438232    -1.291970    -0.553742     0.157795  3975.080  2812.330    97.93010  1.002590
theta[36,1]        -1.098060  0.008515   0.458615   0.470565    -1.845340    -1.101180    -0.339499  2925.400  2683.960    72.07030  1.001740
theta[36,2]        -1.195680  0.005456   0.359437   0.353491    -1.808920    -1.189380    -0.621720  4401.500  2655.140   108.43500  1.000620
theta[36,3]        -2.691120  0.010408   0.654868   0.643419    -3.831690    -2.640130    -1.700190  4212.960  2642.650   103.79000  1.000780
theta[37,1]         0.190054  0.008901   0.507321   0.506148    -0.630466     0.181658     1.039310  3342.820  2788.000    82.35370  1.002270
theta[37,2]        -0.252780  0.004604   0.316312   0.311092    -0.770188    -0.245917     0.254755  4743.340  3034.300   116.85700  1.002210
theta[37,3]        -1.188600  0.007515   0.455801   0.462026    -1.948440    -1.176260    -0.458560  3783.980  2747.860    93.22210  1.000470
theta[38,1]        -0.458094  0.008135   0.429907   0.423998    -1.147890    -0.468235     0.252075  2827.560  2639.980    69.65970  1.001040
theta[38,2]        -0.846290  0.004965   0.338946   0.341366    -1.406760    -0.838618    -0.293441  4712.950  2737.890   116.10800  1.000790
theta[38,3]        -0.732297  0.006417   0.435658   0.429866    -1.455030    -0.727697    -0.023608  4648.660  2996.240   114.52400  1.000510
theta[39,1]         0.481562  0.008298   0.540079   0.543175    -0.378223     0.459749     1.408730  4369.030  2761.240   107.63500  1.003500
theta[39,2]         0.153821  0.004827   0.313319   0.313636    -0.364288     0.154961     0.654151  4249.170  2856.170   104.68300  1.001490
theta[39,3]        -0.952248  0.006658   0.443880   0.436082    -1.706920    -0.932643    -0.243755  4538.270  3189.150   111.80500  0.999904
theta[40,1]         1.280750  0.009414   0.606250   0.612678     0.325876     1.260600     2.320580  4453.460  2731.250   109.71500  1.002520
theta[40,2]         1.125350  0.005733   0.345656   0.348943     0.570312     1.118100     1.712030  3710.910  2472.010    91.42200  1.000900
theta[40,3]         0.207185  0.006562   0.424589   0.418007    -0.490351     0.203375     0.901864  4249.600  3036.550   104.69300  1.001600
theta[41,1]         0.423708  0.008910   0.521894   0.514945    -0.385565     0.400763     1.325240  3504.130  2634.310    86.32770  1.000160
theta[41,2]         0.176447  0.004753   0.317085   0.321327    -0.348309     0.171998     0.700696  4594.350  3117.900   113.18600  1.001120
theta[41,3]         1.903840  0.008858   0.550466   0.538610     1.047630     1.881800     2.881870  4099.320  2708.300   100.99100  1.002750
theta[42,1]        -1.046460  0.007748   0.435058   0.435816    -1.749800    -1.045350    -0.321915  3171.720  2938.520    78.13840  1.003040
theta[42,2]        -1.116700  0.005209   0.345168   0.339570    -1.682610    -1.107760    -0.565181  4546.190  2741.160   112.00000  1.000720
theta[42,3]        -1.560770  0.007204   0.477506   0.476474    -2.368820    -1.550250    -0.806067  4485.370  3078.670   110.50200  1.000760
theta[43,1]         0.617057  0.009110   0.532805   0.526172    -0.221948     0.600489     1.538270  3573.540  2691.660    88.03780  1.000590
theta[43,2]         0.691303  0.004904   0.323235   0.321223     0.148474     0.692652     1.228370  4391.320  2835.560   108.18500  1.000540
theta[43,3]         0.294144  0.006446   0.426313   0.424923    -0.393031     0.299337     1.005820  4389.720  2687.560   108.14500  1.000780
theta[44,1]        -0.413606  0.007949   0.439295   0.434485    -1.100060    -0.422065     0.315068  3092.070  2778.010    76.17630  1.001800
theta[44,2]        -0.165272  0.004497   0.311739   0.309876    -0.679325    -0.162107     0.344470  4859.220  2704.840   119.71200  1.000540
theta[44,3]        -1.025370  0.006911   0.441056   0.430084    -1.754190    -1.016420    -0.311336  4226.530  2665.220   104.12500  1.000670
theta[45,1]        -1.560360  0.008297   0.480473   0.480532    -2.364070    -1.541250    -0.807710  3430.890  3064.970    84.52350  1.000010
theta[45,2]        -1.758330  0.007015   0.403750   0.391132    -2.434930    -1.744720    -1.113730  3513.570  2636.620    86.56030  1.001570
theta[45,3]        -3.247130  0.013155   0.731778   0.733159    -4.494490    -3.191800    -2.123880  3305.090  2381.030    81.42410  1.000880
theta[46,1]        -1.706180  0.010719   0.542074   0.537970    -2.626570    -1.681140    -0.856909  2611.060  2625.620    64.32600  1.000250
theta[46,2]         0.293550  0.005012   0.316136   0.309419    -0.224631     0.290754     0.817319  3998.450  2739.100    98.50590  1.001160
theta[46,3]         2.029200  0.008894   0.571023   0.562184     1.145660     1.994900     3.017150  4360.990  2404.200   107.43700  1.000570
theta[47,1]        -1.156400  0.008910   0.458346   0.460763    -1.930380    -1.147020    -0.440881  2657.910  2753.840    65.48040  1.000320
theta[47,2]        -0.757457  0.005172   0.327348   0.323856    -1.322250    -0.754914    -0.231866  4117.260  3228.870   101.43300  1.000210
theta[47,3]        -0.752093  0.007070   0.437662   0.434433    -1.473140    -0.746432    -0.039956  3837.730  3153.290    94.54640  0.999944
theta[48,1]         1.065160  0.010249   0.605588   0.609276     0.133349     1.033770     2.088470  3670.290  2654.360    90.42130  1.002750
theta[48,2]        -0.077830  0.004537   0.311612   0.314198    -0.598096    -0.078413     0.437898  4811.880  2988.580   118.54600  1.001890
theta[48,3]        -0.406729  0.006225   0.425772   0.427008    -1.119750    -0.407786     0.285972  4711.850  2937.300   116.08100  1.000620
theta[49,1]        -0.752602  0.007977   0.439883   0.445292    -1.468820    -0.755497    -0.030273  3093.050  3042.870    76.20040  1.001430
theta[49,2]        -0.507362  0.004866   0.311520   0.310443    -1.035150    -0.507828    -0.000195  4199.670  3108.990   103.46300  1.001740
theta[49,3]        -0.021971  0.006526   0.423035   0.419781    -0.725021    -0.021235     0.660346  4209.960  2378.090   103.71700  1.002060
theta[50,1]         0.939650  0.008929   0.569466   0.577048     0.041638     0.921172     1.879460  4155.640  3017.950   102.37800  1.000350
theta[50,2]         1.006290  0.004978   0.334647   0.325459     0.462790     1.003410     1.560240  4621.590  2724.760   113.85800  1.000450
theta[50,3]         0.350775  0.006475   0.431236   0.441998    -0.350307     0.349936     1.062980  4342.370  3253.390   106.97900  1.003120
b1                  0.490955  0.004101   0.182990   0.180779     0.197653     0.483644     0.804513  2097.150  2198.920    51.66530  1.001150
b2                  0.462238  0.004149   0.187753   0.188617     0.156015     0.456436     0.773196  2052.960  2723.820    50.57680  1.001410
g1                  0.282980  0.005440   0.233046   0.232448    -0.087813     0.272168     0.681933  1851.990  2273.170    45.62570  1.001060
gamma_M             0.124267  0.006645   0.313341   0.310438    -0.398128     0.128529     0.626787  2227.880  2710.220    54.88600  1.000600
gamma_Y             0.027541  0.006581   0.324150   0.315528    -0.509807     0.033624     0.546691  2437.050  2724.610    60.03910  1.000360
alpha_M            -0.449999  0.005874   0.272576   0.264280    -0.898106    -0.450798    -0.005208  2264.300  2793.120    55.78320  0.999715
alpha_Y            -0.459293  0.006540   0.289750   0.289888    -0.931334    -0.461264     0.027150  1972.670  2558.420    48.59870  1.000690
delta[1,1]         -0.934496  0.011629   0.630292   0.637344    -1.986460    -0.930532     0.093835  2955.170  2848.840    72.80350  1.001110
delta[1,2]         -1.113080  0.010509   0.564716   0.572498    -2.060350    -1.106450    -0.207549  2920.630  2824.420    71.95270  1.001060
delta[1,3]         -0.166630  0.008917   0.449831   0.451215    -0.918660    -0.167987     0.564117  2559.590  2654.020    63.05820  1.000680
delta[1,4]          0.454784  0.008657   0.439040   0.432333    -0.258500     0.463394     1.180200  2657.310  2726.830    65.46550  0.999885
delta[2,1]         -2.065180  0.013871   0.854759   0.818863    -3.517120    -2.027410    -0.708342  3840.950  3084.670    94.62580  1.000380
delta[2,2]         -1.551040  0.011285   0.583451   0.570596    -2.557530    -1.533380    -0.619922  2784.060  2822.220    68.58810  1.000230
delta[2,3]         -0.637047  0.008812   0.426460   0.418246    -1.352690    -0.628402     0.056672  2378.370  2748.090    58.59340  1.001770
delta[2,4]          0.685907  0.007526   0.404089   0.419517     0.027070     0.679902     1.347060  2900.870  2842.700    71.46590  1.000310
delta[3,1]         -0.239339  0.022722   1.080690   1.043750    -1.911760    -0.292097     1.570080  2408.250  2099.390    59.32960  1.000400
delta[3,2]         -3.265160  0.022044   0.956756   0.928168    -4.989640    -3.194660    -1.842460  2102.470  1925.040    51.79640  1.000440
delta[3,3]         -0.505649  0.008388   0.438686   0.439404    -1.234500    -0.499064     0.202283  2770.830  2711.580    68.26220  1.000910
delta[3,4]          0.079920  0.007724   0.395754   0.402737    -0.569360     0.072180     0.733134  2662.370  2887.720    65.59020  1.002690
delta[4,1]         -1.709010  0.011851   0.663534   0.668283    -2.813670    -1.695630    -0.652783  3195.870  3055.660    78.73340  1.001560
delta[4,2]         -0.435177  0.010222   0.560792   0.554648    -1.359410    -0.426341     0.446342  3007.100  2650.750    74.08290  0.999957
delta[4,3]         -1.086640  0.009363   0.480619   0.489548    -1.891890    -1.075070    -0.314750  2702.450  3041.210    66.57760  1.000260
delta[4,4]          1.118920  0.007686   0.423498   0.419809     0.441758     1.109050     1.838270  3059.770  2655.840    75.38060  0.999659
delta[5,1]         -1.964780  0.007128   0.523873   0.521334    -2.843600    -1.950820    -1.141010  5541.970  2977.760   136.53200  1.000940
delta[5,2]         -0.905688  0.005342   0.413405   0.409502    -1.577290    -0.908620    -0.224170  6121.160  3456.160   150.80100  1.000230
delta[5,3]          0.091073  0.005160   0.395497   0.396522    -0.558543     0.088772     0.741151  5932.740  3050.290   146.15900  0.999830
delta[5,4]          2.226920  0.008868   0.657463   0.653720     1.205390     2.192030     3.342240  5838.540  3366.610   143.83800  1.000980
delta[6,1]         -1.301930  0.005526   0.450765   0.452064    -2.036070    -1.297440    -0.570626  6722.080  3155.660   165.60500  1.000470
delta[6,2]         -0.741579  0.005427   0.407304   0.403544    -1.412920    -0.742166    -0.087529  5890.000  3231.300   145.10600  1.001390
delta[6,3]          0.901605  0.006828   0.480839   0.464515     0.126329     0.888989     1.728130  5063.550  3184.540   124.74600  1.000310
delta[6,4]          0.829198  0.008230   0.594151   0.596541    -0.139160     0.827728     1.810300  5379.370  3059.320   132.52600  1.000220
delta[7,1]         -1.534820  0.006233   0.497989   0.490623    -2.365130    -1.524790    -0.727181  6489.920  3347.570   159.88600  1.001130
delta[7,2]         -1.026600  0.005355   0.414382   0.405450    -1.738490    -1.023760    -0.359036  6120.440  3311.930   150.78300  1.000220
delta[7,3]          0.542849  0.005397   0.436134   0.432962    -0.147057     0.531482     1.274080  6673.490  3027.290   164.40800  0.999682
delta[7,4]          2.049220  0.009433   0.669832   0.657490     1.016520     2.012540     3.178030  5416.790  3122.810   133.44800  0.999715
delta[8,1]         -0.788006  0.005661   0.447178   0.428825    -1.535540    -0.788157    -0.036404  6316.850  2806.910   155.62200  1.000820
delta[8,2]         -0.718797  0.005963   0.437158   0.429994    -1.461280    -0.715512    -0.007691  5487.710  3154.160   135.19500  0.999662
delta[8,3]          0.429919  0.005963   0.447198   0.434162    -0.307376     0.424691     1.169580  5727.030  3066.570   141.09100  1.000530
delta[8,4]          1.667320  0.008858   0.609655   0.612361     0.713061     1.652860     2.690360  4841.860  3266.270   119.28400  1.000550
delta[9,1]         -1.502240  0.004986   0.417191   0.417936    -2.209980    -1.495700    -0.832231  7110.310  2967.230   175.17000  1.000170
delta[9,2]          0.733576  0.006702   0.488817   0.486958    -0.057053     0.728084     1.565360  5403.400  3267.820   133.11800  1.000110
delta[9,3]         -0.388839  0.007489   0.522371   0.527061    -1.257680    -0.384094     0.451214  4972.530  2660.420   122.50300  1.001020
delta[9,4]          1.769850  0.008413   0.598522   0.584252     0.825397     1.746980     2.792320  5285.170  2871.050   130.20500  0.999780
delta[10,1]        -1.279240  0.005490   0.436932   0.431196    -2.004080    -1.275540    -0.572606  6422.590  3254.740   158.22700  1.000800
delta[10,2]        -0.404508  0.005407   0.405886   0.416981    -1.074410    -0.394728     0.252567  5751.930  3148.500   141.70500  1.000110
delta[10,3]         0.962096  0.006949   0.490778   0.487030     0.179991     0.944500     1.779620  5077.600  2818.960   125.09200  1.001430
delta[10,4]         1.371230  0.008880   0.653493   0.633661     0.334571     1.360250     2.469390  5435.260  3236.550   133.90300  0.999695
delta[11,1]        -1.560470  0.006584   0.519389   0.518810    -2.438720    -1.547560    -0.733495  6317.250  3371.470   155.63200  1.000410
delta[11,2]        -1.258190  0.005708   0.443737   0.439252    -2.004730    -1.250290    -0.537679  6166.420  3421.260   151.91600  1.000530
delta[11,3]         0.121198  0.005129   0.407905   0.412474    -0.549444     0.116708     0.784056  6373.400  3134.020   157.01500  1.000390
delta[11,4]         1.071830  0.006325   0.497856   0.494569     0.270716     1.063050     1.891970  6309.290  3242.010   155.43600  0.999689
delta[12,1]        -1.900610  0.005632   0.463103   0.466298    -2.677560    -1.895580    -1.145980  6848.300  3107.160   168.71500  1.000350
delta[12,2]        -0.028884  0.005104   0.410387   0.405700    -0.704724    -0.031767     0.647808  6592.290  3131.360   162.40800  1.001320
delta[12,3]         0.463061  0.006147   0.465428   0.451718    -0.321713     0.463812     1.221470  5811.480  3306.590   143.17200  0.999873
delta[12,4]         2.464560  0.011237   0.769785   0.754147     1.283070     2.427960     3.770450  5137.660  2605.640   126.57200  1.003290
delta[13,1]        -1.851900  0.005908   0.452673   0.461814    -2.611480    -1.844460    -1.119430  5922.290  3223.470   145.90200  1.001160
delta[13,2]        -0.305237  0.005127   0.386319   0.387380    -0.924007    -0.314081     0.334162  5814.100  3212.900   143.23600  0.999862
delta[13,3]         1.169970  0.007281   0.509588   0.506403     0.371763     1.148370     2.021300  5100.460  3200.860   125.65500  1.000670
delta[13,4]         1.236840  0.009564   0.654837   0.632278     0.173238     1.228130     2.319010  4917.120  3063.580   121.13800  1.002790
delta[14,1]        -1.585700  0.005086   0.424879   0.418993    -2.298430    -1.584300    -0.903575  7142.070  2380.610   175.95200  1.001150
delta[14,2]         0.140005  0.005558   0.430710   0.431100    -0.555500     0.132479     0.864820  6110.870  2729.920   150.54700  1.000150
delta[14,3]         0.332894  0.006786   0.497087   0.490149    -0.460982     0.332079     1.156570  5541.770  3320.930   136.52700  0.999734
delta[14,4]         1.580190  0.008123   0.616694   0.605765     0.589431     1.568820     2.612750  5910.940  3203.900   145.62200  1.001700
delta[15,1]        -2.563080  0.007578   0.585699   0.589273    -3.559210    -2.528320    -1.656830  6190.080  3221.910   152.49900  1.000410
delta[15,2]        -1.005120  0.004671   0.387745   0.378752    -1.659920    -0.993241    -0.377369  7032.400  3135.910   173.25000  1.000470
delta[15,3]         1.032200  0.006051   0.453019   0.446283     0.316879     1.013310     1.790970  5843.940  3121.390   143.97100  1.001440
delta[15,4]         1.428610  0.009325   0.653428   0.644384     0.390344     1.401880     2.545750  5024.120  2922.600   123.77400  0.999728
delta[16,1]        -2.039260  0.006852   0.493693   0.488634    -2.859940    -2.022700    -1.248380  5188.980  2890.900   127.83600  1.003620
delta[16,2]        -0.914998  0.005762   0.424048   0.424255    -1.600520    -0.911256    -0.227672  5593.510  3477.680   137.80200  1.001900
delta[16,3]         0.414521  0.006397   0.448146   0.444126    -0.311691     0.405295     1.176860  5119.380  3302.830   126.12100  1.000400
delta[16,4]         1.149510  0.007708   0.602356   0.588868     0.176391     1.137410     2.157180  6278.920  3057.430   154.68800  1.004250
delta[17,1]        -1.822920  0.005807   0.463879   0.465290    -2.586300    -1.805710    -1.074920  6535.890  2619.160   161.01800  1.000930
delta[17,2]        -0.343547  0.005732   0.436082   0.432426    -1.048150    -0.336427     0.369012  5894.210  3197.460   145.21000  0.999918
delta[17,3]         0.269769  0.006097   0.483123   0.478848    -0.526753     0.259129     1.088900  6456.410  3375.860   159.06000  1.000400
delta[17,4]         0.822823  0.007072   0.569075   0.562214    -0.102430     0.814060     1.768460  6640.480  2974.090   163.59500  0.999948
delta[18,1]        -1.759200  0.006055   0.466674   0.458778    -2.521470    -1.751550    -1.002990  5996.820  2885.360   147.73800  1.000240
delta[18,2]        -0.558218  0.005654   0.432035   0.437006    -1.253280    -0.555168     0.152269  5906.020  3058.850   145.50100  1.000900
delta[18,3]         0.150964  0.005420   0.447217   0.437435    -0.584761     0.143750     0.908632  6948.000  3331.350   171.17100  1.001810
delta[18,4]         3.225920  0.015977   0.943657   0.907333     1.842450     3.148300     4.889690  3809.490  2581.920    93.85050  1.000500
delta[19,1]        -1.529470  0.005377   0.426231   0.436517    -2.234360    -1.525330    -0.852232  6374.950  3238.420   157.05300  0.999586
delta[19,2]        -0.304249  0.005235   0.412416   0.420817    -0.968178    -0.313272     0.375286  6313.310  3147.230   155.53500  0.999596
delta[19,3]         0.352818  0.005626   0.452361   0.452089    -0.391596     0.358739     1.104710  6540.550  3326.590   161.13300  1.000050
delta[19,4]         3.109510  0.016849   0.985675   0.945065     1.626210     3.032150     4.845800  3709.220  2766.610    91.38030  0.999881
delta[20,1]        -1.390130  0.006173   0.452650   0.466810    -2.122990    -1.392790    -0.646794  5539.460  3394.800   136.47000  1.000940
delta[20,2]        -0.861319  0.005551   0.392498   0.392405    -1.507430    -0.852176    -0.214410  5056.530  3207.300   124.57300  1.000590
delta[20,3]         1.957560  0.008407   0.627426   0.612045     0.981924     1.940600     3.045400  5774.890  3368.970   142.27000  1.000180
delta[20,4]         0.516952  0.011181   0.781433   0.767060    -0.737079     0.516409     1.807170  4923.420  3251.680   121.29300  1.001200
delta[21,1]        -1.700060  0.006188   0.471529   0.474071    -2.475030    -1.702380    -0.928306  5928.080  3174.080   146.04400  0.999967
delta[21,2]        -0.855873  0.005150   0.411622   0.418720    -1.537510    -0.850622    -0.184430  6532.340  2983.160   160.93100  0.999922
delta[21,3]         0.854823  0.006761   0.499844   0.507119     0.047630     0.841499     1.686820  5600.590  3363.740   137.97600  0.999735
delta[21,4]         1.254070  0.008522   0.675359   0.663247     0.181054     1.234080     2.359110  6446.800  3213.770   158.82300  0.999791
indirect_effect     0.224032  0.002483   0.124870   0.116169     0.053930     0.208361     0.452674  2530.520  3108.700    62.34180  1.000810
total_effect        0.507012  0.004804   0.219833   0.219923     0.145997     0.502606     0.871935  2116.810  2995.010    52.14970  1.000460
prop_mediated       0.346594  0.130457   8.194590   0.288181     0.089966     0.432614     1.329080  2239.570  2511.850    55.17400  1.000860